158.0 -518.0 8 1
193.0 -550.5 11 2
131.0 -593.5 17 3
265.0 -584.0 20 4
278.5 -586.5 21 5
279.0 -583.0 22 6
279.0 -589.5 23 7
279.5 -587.5 24 8
424.0 -571.0 42 9
413.5 -576.5 44 10
457.5 -509.5 47 11
652.0 -482.5 59 12
672.5 -455.5 60 13
692.0 -430.5 61 14
530.5 -405.5 62 15
706.5 -408.5 62 16
722.5 -389.5 63 17
736.5 -373.0 64 18
578.5 -417.0 65 19
546.5 -378.0 65 20
749.0 -360.5 65 21
503.5 -330.5 65 22
484.0 -316.0 65 23
547.0 -526.0 66 24
582.0 -422.5 66 25
539.0 -364.0 66 26
760.0 -348.5 66 27
502.5 -527.0 67 28
541.5 -524.0 67 29
771.0 -339.0 67 30
780.0 -331.0 68 31
789.5 -323.0 69 32
798.0 -317.5 70 33
805.5 -312.5 71 34
814.0 -308.0 72 35
820.0 -305.5 73 36
475.5 -320.5 74 37
826.5 -303.0 74 38
832.5 -301.5 75 39
458.0 -538.0 76 40
389.5 -392.5 76 41
432.0 -365.5 76 42
838.0 -299.5 76 43
381.5 -399.5 77 44
461.0 -304.5 77 45
844.5 -299.0 77 46
452.5 -540.5 78 47
849.0 -298.5 78 48
853.5 -300.0 79 49
858.0 -301.0 80 50
394.5 -409.5 81 51
862.5 -301.0 81 52
867.0 -304.0 82 53
496.5 -373.0 83 54
871.0 -306.5 83 55
425.0 -380.5 84 56
494.0 -371.5 84 57
874.0 -308.0 84 58
428.0 -368.5 85 59
493.0 -370.5 85 60
877.5 -313.0 85 61
491.0 -365.5 86 62
881.0 -316.0 86 63
886.0 -318.5 87 64
439.0 -291.5 87 65
887.5 -323.5 88 66
890.5 -328.0 89 67
893.5 -330.5 90 68
412.5 -374.5 91 69
480.0 -368.0 91 70
896.0 -334.5 91 71
410.0 -368.0 92 72
480.5 -365.5 92 73
899.0 -339.0 92 74
901.0 -344.0 93 75
433.5 -313.0 93 76
427.0 -289.5 93 77
904.0 -350.0 94 78
906.5 -355.5 95 79
416.5 -329.0 95 80
423.5 -288.5 95 81
471.0 -445.5 96 82
908.5 -361.0 96 83
433.5 -306.0 96 84
911.0 -366.5 97 85
426.0 -317.0 97 86
419.5 -291.0 97 87
913.5 -371.5 98 88
915.5 -378.5 99 89
917.0 -384.5 100 90
396.0 -543.5 101 91
919.5 -390.0 101 92
391.5 -546.5 102 93
440.5 -522.5 102 94
921.0 -396.0 102 95
387.5 -550.5 105 96
438.5 -525.0 105 97
924.0 -405.5 105 98
386.0 -551.5 106 99
437.0 -525.0 106 100
926.0 -399.5 106 101
382.5 -556.0 107 102
376.0 -407.0 107 103
927.5 -394.5 107 104
928.5 -390.5 108 105
930.5 -387.0 109 106
930.5 -383.0 110 107
932.0 -380.5 111 108
405.0 -375.5 112 109
403.5 -541.5 113 110
931.0 -374.5 113 111
402.5 -372.0 113 112
370.0 -326.5 113 113
387.0 -551.5 114 114
371.0 -443.0 114 115
398.0 -377.0 114 116
382.0 -285.5 114 117
395.0 -375.0 115 118
341.0 -369.0 117 119
928.0 -373.5 118 120
333.5 -372.5 119 121
925.5 -377.5 120 122
926.0 -381.5 121 123
925.5 -382.5 122 124
392.0 -546.5 123 125
924.5 -387.5 123 126
289.5 -571.5 124 127
399.0 -552.5 124 128
924.5 -390.0 124 129
923.5 -394.0 125 130
309.5 -522.0 126 131
923.5 -399.0 126 132
307.0 -524.5 127 133
921.5 -400.0 129 134
297.5 -279.5 134 135
292.5 -279.5 135 136
295.5 -505.5 137 137
281.5 -279.5 137 138
303.5 -570.5 138 139
920.0 -393.0 139 140
298.5 -357.0 139 141
262.0 -525.5 140 142
920.5 -395.5 140 143
303.5 -567.5 141 144
263.0 -515.0 141 145
919.5 -399.5 141 146
229.0 -599.0 142 147
305.5 -565.5 142 148
919.5 -401.0 142 149
270.0 -285.5 142 150
265.5 -285.5 143 151
286.0 -475.0 144 152
278.5 -426.5 144 153
920.0 -403.5 144 154
263.5 -282.0 144 155
260.5 -483.0 145 156
918.5 -403.0 145 157
225.5 -371.0 145 158
246.5 -328.0 145 159
227.0 -587.5 146 160
918.5 -399.5 146 161
240.5 -328.5 146 162
258.0 -282.0 146 163
276.5 -425.0 147 164
240.0 -325.0 147 165
257.5 -280.0 147 166
256.0 -278.5 148 167
281.5 -542.5 149 168
240.5 -315.5 149 169
250.5 -274.5 150 170
253.5 -320.5 151 171
261.0 -290.0 151 172
918.5 -398.0 152 173
918.0 -399.0 153 174
244.5 -485.5 154 175
917.5 -400.0 154 176
242.5 -275.0 154 177
919.0 -403.0 155 178
227.0 -323.5 155 179
313.0 -442.0 156 180
315.5 -444.5 157 181
918.0 -403.0 157 182
287.0 -386.5 157 183
253.0 -306.0 157 184
321.5 -460.5 158 185
313.0 -434.5 158 186
198.5 -434.0 158 187
917.5 -404.0 158 188
289.0 -386.5 158 189
259.5 -300.5 158 190
316.0 -449.0 159 191
289.0 -392.0 159 192
240.5 -274.5 159 193
201.5 -488.0 160 194
319.5 -451.5 160 195
289.5 -391.0 160 196
194.5 -378.0 160 197
243.5 -631.5 161 198
227.0 -583.0 161 199
315.5 -451.5 161 200
290.0 -389.5 161 201
226.5 -586.0 162 202
268.5 -456.5 162 203
222.5 -575.0 163 204
289.5 -375.5 163 205
181.5 -367.0 163 206
183.5 -373.5 164 207
227.0 -532.5 165 208
917.5 -406.0 165 209
287.5 -373.0 165 210
226.0 -550.0 167 211
916.0 -404.5 167 212
220.5 -489.0 170 213
184.5 -412.0 170 214
173.5 -374.0 170 215